succ = array1d(1..34, [23, 34, 33, 32, 31, 30, 29, 28, 27, 26, 25, 24, 22, 21, 20, 18, 19, 17, 15, 14, 13, 12, 16, 11, 10, 9, 8, 7, 6, 5, 4, 3, 2, 1]);
sum_path = 144667.0;
% time elapsed: 0.39 s
----------
succ = array1d(1..34, [33, 23, 34, 32, 31, 30, 29, 28, 27, 26, 25, 24, 22, 21, 20, 18, 19, 17, 15, 14, 13, 12, 16, 11, 10, 9, 8, 7, 6, 5, 4, 3, 2, 1]);
sum_path = 136306.0;
% time elapsed: 0.39 s
----------
succ = array1d(1..34, [32, 34, 23, 33, 31, 30, 29, 28, 27, 26, 25, 24, 22, 21, 20, 18, 19, 17, 15, 14, 13, 12, 16, 11, 10, 9, 8, 7, 6, 5, 4, 3, 2, 1]);
sum_path = 130349.0;
% time elapsed: 0.39 s
----------
succ = array1d(1..34, [33, 32, 23, 34, 31, 30, 29, 28, 27, 26, 25, 24, 22, 21, 20, 18, 19, 17, 15, 14, 13, 12, 16, 11, 10, 9, 8, 7, 6, 5, 4, 3, 2, 1]);
sum_path = 126033.0;
% time elapsed: 0.39 s
----------
succ = array1d(1..34, [33, 30, 23, 34, 32, 31, 29, 28, 27, 26, 25, 24, 22, 21, 20, 18, 19, 17, 15, 14, 13, 12, 16, 11, 10, 9, 8, 7, 6, 5, 4, 3, 2, 1]);
sum_path = 125859.0;
% time elapsed: 0.39 s
----------
succ = array1d(1..34, [33, 28, 23, 34, 31, 32, 29, 30, 27, 26, 25, 24, 22, 21, 20, 18, 19, 17, 15, 14, 13, 12, 16, 11, 10, 9, 8, 7, 6, 5, 4, 3, 2, 1]);
sum_path = 125809.0;
% time elapsed: 0.40 s
----------
succ = array1d(1..34, [33, 28, 23, 34, 32, 30, 29, 31, 27, 26, 25, 24, 22, 21, 20, 18, 19, 17, 15, 14, 13, 12, 16, 11, 10, 9, 8, 7, 6, 5, 4, 3, 2, 1]);
sum_path = 125740.0;
% time elapsed: 0.40 s
----------
succ = array1d(1..34, [33, 30, 23, 34, 28, 32, 29, 31, 27, 26, 25, 24, 22, 21, 20, 18, 19, 17, 15, 14, 13, 12, 16, 11, 10, 9, 8, 7, 6, 5, 4, 3, 2, 1]);
sum_path = 125722.0;
% time elapsed: 0.40 s
----------
succ = array1d(1..34, [33, 32, 23, 34, 28, 31, 29, 30, 27, 26, 25, 24, 22, 21, 20, 18, 19, 17, 15, 14, 13, 12, 16, 11, 10, 9, 8, 7, 6, 5, 4, 3, 2, 1]);
sum_path = 125695.0;
% time elapsed: 0.40 s
----------
succ = array1d(1..34, [29, 28, 23, 33, 27, 30, 34, 32, 31, 26, 25, 24, 22, 21, 20, 18, 19, 17, 15, 14, 13, 12, 16, 11, 10, 9, 8, 7, 6, 5, 4, 3, 2, 1]);
sum_path = 125311.0;
% time elapsed: 0.40 s
----------
succ = array1d(1..34, [33, 28, 23, 34, 27, 30, 29, 32, 31, 26, 25, 24, 22, 21, 20, 18, 19, 17, 15, 14, 13, 12, 16, 11, 10, 9, 8, 7, 6, 5, 4, 3, 2, 1]);
sum_path = 124882.0;
% time elapsed: 0.40 s
----------
succ = array1d(1..34, [33, 30, 23, 34, 27, 31, 29, 32, 28, 26, 25, 24, 22, 21, 20, 18, 19, 17, 15, 14, 13, 12, 16, 11, 10, 9, 8, 7, 6, 5, 4, 3, 2, 1]);
sum_path = 124729.0;
% time elapsed: 0.41 s
----------
succ = array1d(1..34, [29, 27, 23, 33, 31, 30, 34, 32, 28, 26, 25, 24, 22, 21, 20, 18, 19, 17, 15, 14, 13, 12, 16, 11, 10, 9, 8, 7, 6, 5, 4, 3, 2, 1]);
sum_path = 124059.0;
% time elapsed: 0.41 s
----------
succ = array1d(1..34, [33, 27, 23, 34, 31, 30, 29, 32, 28, 26, 25, 24, 22, 21, 20, 18, 19, 17, 15, 14, 13, 12, 16, 11, 10, 9, 8, 7, 6, 5, 4, 3, 2, 1]);
sum_path = 123630.0;
% time elapsed: 0.41 s
----------
succ = array1d(1..34, [33, 27, 23, 34, 28, 31, 29, 32, 30, 26, 25, 24, 22, 21, 20, 18, 19, 17, 15, 14, 13, 12, 16, 11, 10, 9, 8, 7, 6, 5, 4, 3, 2, 1]);
sum_path = 123373.0;
% time elapsed: 0.41 s
----------
succ = array1d(1..34, [26, 25, 30, 34, 28, 31, 29, 32, 23, 27, 33, 24, 22, 21, 20, 18, 19, 17, 15, 14, 13, 12, 16, 11, 10, 9, 8, 7, 6, 5, 4, 3, 2, 1]);
sum_path = 123140.0;
% time elapsed: 0.59 s
----------
succ = array1d(1..34, [29, 27, 23, 26, 28, 31, 33, 32, 25, 30, 34, 24, 22, 21, 20, 18, 19, 17, 15, 14, 13, 12, 16, 11, 10, 9, 8, 7, 6, 5, 4, 3, 2, 1]);
sum_path = 120834.0;
% time elapsed: 0.66 s
----------
succ = array1d(1..34, [29, 28, 23, 26, 31, 30, 34, 32, 25, 27, 33, 24, 22, 21, 20, 18, 19, 17, 15, 14, 13, 12, 16, 11, 10, 9, 8, 7, 6, 5, 4, 3, 2, 1]);
sum_path = 120353.0;
% time elapsed: 0.66 s
----------
succ = array1d(1..34, [33, 28, 23, 26, 31, 30, 29, 32, 25, 27, 34, 24, 22, 21, 20, 18, 19, 17, 15, 14, 13, 12, 16, 11, 10, 9, 8, 7, 6, 5, 4, 3, 2, 1]);
sum_path = 119924.0;
% time elapsed: 0.66 s
----------
succ = array1d(1..34, [33, 30, 23, 26, 28, 31, 29, 32, 25, 27, 34, 24, 22, 21, 20, 18, 19, 17, 15, 14, 13, 12, 16, 11, 10, 9, 8, 7, 6, 5, 4, 3, 2, 1]);
sum_path = 119771.0;
% time elapsed: 0.67 s
----------
succ = array1d(1..34, [29, 30, 23, 33, 28, 31, 26, 32, 25, 27, 34, 24, 22, 21, 20, 18, 19, 17, 15, 14, 13, 12, 16, 11, 10, 9, 8, 7, 6, 5, 4, 3, 2, 1]);
sum_path = 119193.0;
% time elapsed: 0.70 s
----------
succ = array1d(1..34, [26, 25, 23, 34, 31, 30, 29, 32, 27, 28, 33, 24, 22, 21, 20, 18, 19, 17, 15, 14, 13, 12, 16, 11, 10, 9, 8, 7, 6, 5, 4, 3, 2, 1]);
sum_path = 118991.0;
% time elapsed: 0.80 s
----------
succ = array1d(1..34, [26, 25, 23, 34, 28, 31, 29, 32, 27, 30, 33, 24, 22, 21, 20, 18, 19, 17, 15, 14, 13, 12, 16, 11, 10, 9, 8, 7, 6, 5, 4, 3, 2, 1]);
sum_path = 118734.0;
% time elapsed: 0.81 s
----------
succ = array1d(1..34, [26, 25, 23, 33, 31, 30, 29, 32, 28, 27, 34, 24, 22, 21, 20, 18, 19, 17, 15, 14, 13, 12, 16, 11, 10, 9, 8, 7, 6, 5, 4, 3, 2, 1]);
sum_path = 118350.0;
% time elapsed: 0.89 s
----------
succ = array1d(1..34, [26, 25, 23, 33, 28, 31, 29, 32, 30, 27, 34, 24, 22, 21, 20, 18, 19, 17, 15, 14, 13, 12, 16, 11, 10, 9, 8, 7, 6, 5, 4, 3, 2, 1]);
sum_path = 118093.0;
% time elapsed: 0.96 s
----------
succ = array1d(1..34, [26, 24, 23, 33, 28, 31, 29, 32, 27, 30, 34, 25, 22, 21, 20, 18, 19, 17, 15, 14, 13, 12, 16, 11, 10, 9, 8, 7, 6, 5, 4, 3, 2, 1]);
sum_path = 117504.0;
% time elapsed: 1.32 s
----------
succ = array1d(1..34, [25, 24, 23, 33, 28, 31, 29, 32, 30, 27, 34, 26, 22, 21, 20, 18, 19, 17, 15, 14, 13, 12, 16, 11, 10, 9, 8, 7, 6, 5, 4, 3, 2, 1]);
sum_path = 116863.0;
% time elapsed: 1.74 s
----------
succ = array1d(1..34, [27, 24, 23, 33, 31, 30, 29, 32, 25, 28, 34, 26, 22, 21, 20, 18, 19, 17, 15, 14, 13, 12, 16, 11, 10, 9, 8, 7, 6, 5, 4, 3, 2, 1]);
sum_path = 115975.0;
% time elapsed: 1.74 s
----------
succ = array1d(1..34, [27, 24, 23, 33, 28, 31, 29, 32, 25, 30, 34, 26, 22, 21, 20, 18, 19, 17, 15, 14, 13, 12, 16, 11, 10, 9, 8, 7, 6, 5, 4, 3, 2, 1]);
sum_path = 115718.0;
% time elapsed: 1.74 s
----------
succ = array1d(1..34, [27, 24, 23, 34, 31, 30, 29, 32, 25, 28, 26, 33, 22, 21, 20, 18, 19, 17, 15, 14, 13, 12, 16, 11, 10, 9, 8, 7, 6, 5, 4, 3, 2, 1]);
sum_path = 115273.0;
% time elapsed: 8.04 s
----------
succ = array1d(1..34, [29, 24, 23, 34, 31, 28, 27, 32, 25, 30, 26, 33, 22, 21, 20, 18, 19, 17, 15, 14, 13, 12, 16, 11, 10, 9, 8, 7, 6, 5, 4, 3, 2, 1]);
sum_path = 115130.0;
% time elapsed: 8.17 s
----------
succ = array1d(1..34, [27, 24, 23, 34, 28, 31, 29, 32, 25, 30, 26, 33, 22, 21, 20, 18, 19, 17, 15, 14, 13, 12, 16, 11, 10, 9, 8, 7, 6, 5, 4, 3, 2, 1]);
sum_path = 115016.0;
% time elapsed: 8.17 s
----------
succ = array1d(1..34, [33, 23, 24, 26, 25, 31, 29, 32, 30, 27, 34, 21, 28, 22, 20, 18, 19, 17, 15, 14, 13, 12, 16, 11, 10, 9, 8, 7, 6, 5, 4, 3, 2, 1]);
sum_path = 114250.0;
% time elapsed: 45.89 s
----------
succ = array1d(1..34, [33, 23, 24, 26, 28, 32, 29, 31, 30, 27, 34, 21, 25, 22, 20, 18, 19, 17, 15, 14, 13, 12, 16, 11, 10, 9, 8, 7, 6, 5, 4, 3, 2, 1]);
sum_path = 114043.0;
% time elapsed: 45.90 s
----------
succ = array1d(1..34, [29, 23, 24, 26, 28, 31, 33, 32, 30, 27, 34, 21, 25, 22, 20, 18, 19, 17, 15, 14, 13, 12, 16, 11, 10, 9, 8, 7, 6, 5, 4, 3, 2, 1]);
sum_path = 113286.0;
% time elapsed: 45.90 s
----------
succ = array1d(1..34, [33, 23, 24, 26, 28, 31, 29, 32, 25, 27, 34, 21, 30, 22, 20, 18, 19, 17, 15, 14, 13, 12, 16, 11, 10, 9, 8, 7, 6, 5, 4, 3, 2, 1]);
sum_path = 112889.0;
% time elapsed: 45.90 s
----------
succ = array1d(1..34, [29, 23, 30, 33, 31, 28, 26, 32, 25, 27, 34, 21, 24, 22, 20, 18, 19, 17, 15, 14, 13, 12, 16, 11, 10, 9, 8, 7, 6, 5, 4, 3, 2, 1]);
sum_path = 112877.0;
% time elapsed: 47.04 s
----------
succ = array1d(1..34, [29, 23, 31, 33, 28, 30, 26, 32, 25, 27, 34, 21, 24, 22, 20, 18, 19, 17, 15, 14, 13, 12, 16, 11, 10, 9, 8, 7, 6, 5, 4, 3, 2, 1]);
sum_path = 112763.0;
% time elapsed: 47.04 s
----------
succ = array1d(1..34, [26, 23, 25, 33, 28, 31, 29, 32, 27, 30, 34, 21, 24, 22, 20, 18, 19, 17, 15, 14, 13, 12, 16, 11, 10, 9, 8, 7, 6, 5, 4, 3, 2, 1]);
sum_path = 112707.0;
% time elapsed: 47.06 s
----------
succ = array1d(1..34, [26, 23, 24, 33, 31, 30, 29, 32, 28, 27, 34, 21, 25, 22, 20, 18, 19, 17, 15, 14, 13, 12, 16, 11, 10, 9, 8, 7, 6, 5, 4, 3, 2, 1]);
sum_path = 111958.0;
% time elapsed: 47.15 s
----------
succ = array1d(1..34, [29, 23, 24, 33, 31, 28, 26, 32, 30, 27, 34, 21, 25, 22, 20, 18, 19, 17, 15, 14, 13, 12, 16, 11, 10, 9, 8, 7, 6, 5, 4, 3, 2, 1]);
sum_path = 111815.0;
% time elapsed: 47.15 s
----------
succ = array1d(1..34, [26, 23, 24, 33, 28, 31, 29, 32, 30, 27, 34, 21, 25, 22, 20, 18, 19, 17, 15, 14, 13, 12, 16, 11, 10, 9, 8, 7, 6, 5, 4, 3, 2, 1]);
sum_path = 111701.0;
% time elapsed: 47.15 s
----------
succ = array1d(1..34, [33, 24, 23, 34, 31, 32, 29, 30, 28, 27, 26, 21, 25, 22, 20, 18, 19, 17, 15, 14, 13, 12, 16, 11, 10, 9, 8, 7, 6, 5, 4, 3, 2, 1]);
sum_path = 109900.0;
% time elapsed: 48.08 s
----------
succ = array1d(1..34, [33, 24, 23, 34, 32, 30, 29, 31, 28, 27, 26, 21, 25, 22, 20, 18, 19, 17, 15, 14, 13, 12, 16, 11, 10, 9, 8, 7, 6, 5, 4, 3, 2, 1]);
sum_path = 109831.0;
% time elapsed: 48.08 s
----------
succ = array1d(1..34, [33, 24, 23, 34, 28, 32, 29, 31, 30, 27, 26, 21, 25, 22, 20, 18, 19, 17, 15, 14, 13, 12, 16, 11, 10, 9, 8, 7, 6, 5, 4, 3, 2, 1]);
sum_path = 109709.0;
% time elapsed: 48.08 s
----------
succ = array1d(1..34, [33, 24, 23, 34, 31, 30, 29, 32, 27, 28, 26, 21, 25, 22, 20, 18, 19, 17, 15, 14, 13, 12, 16, 11, 10, 9, 8, 7, 6, 5, 4, 3, 2, 1]);
sum_path = 108843.0;
% time elapsed: 48.09 s
----------
succ = array1d(1..34, [33, 24, 23, 34, 28, 31, 29, 32, 27, 30, 26, 21, 25, 22, 20, 18, 19, 17, 15, 14, 13, 12, 16, 11, 10, 9, 8, 7, 6, 5, 4, 3, 2, 1]);
sum_path = 108586.0;
% time elapsed: 48.09 s
----------
succ = array1d(1..34, [26, 24, 23, 33, 31, 30, 29, 32, 27, 28, 34, 21, 25, 22, 20, 18, 19, 17, 15, 14, 13, 12, 16, 11, 10, 9, 8, 7, 6, 5, 4, 3, 2, 1]);
sum_path = 108265.0;
% time elapsed: 48.17 s
----------
succ = array1d(1..34, [29, 24, 23, 33, 31, 28, 26, 32, 27, 30, 34, 21, 25, 22, 20, 18, 19, 17, 15, 14, 13, 12, 16, 11, 10, 9, 8, 7, 6, 5, 4, 3, 2, 1]);
sum_path = 108122.0;
% time elapsed: 48.18 s
----------
succ = array1d(1..34, [26, 24, 23, 33, 28, 31, 29, 32, 27, 30, 34, 21, 25, 22, 20, 18, 19, 17, 15, 14, 13, 12, 16, 11, 10, 9, 8, 7, 6, 5, 4, 3, 2, 1]);
sum_path = 108008.0;
% time elapsed: 48.18 s
----------
succ = array1d(1..34, [26, 24, 23, 33, 28, 31, 29, 32, 25, 27, 34, 21, 30, 22, 20, 18, 19, 17, 15, 14, 13, 12, 16, 11, 10, 9, 8, 7, 6, 5, 4, 3, 2, 1]);
sum_path = 107977.0;
% time elapsed: 48.47 s
----------
